MPI-ESM-R1
77.947
78.317
80.919
78.347
81.470
77.707
81.095
78.499
79.339
80.345
80.576
81.357
79.883
81.189
80.869
80.094
77.775
79.633
78.146
75.583
75.865
79.380
76.008
80.712
77.838
77.701
76.685
82.836
79.307
79.471
77.189
82.738
78.367
81.223
78.569
79.834
81.699
77.930
80.357
78.258
81.399
80.258
81.197
77.015
77.957
76.249
83.147
77.932
78.655
76.559
74.719
77.286
80.394
79.535
77.797
79.473
76.508
76.648
79.897
78.303
77.428
77.053
78.661
80.990
81.673
80.441
80.875
80.210
79.886
78.425
78.238
82.664
75.393
76.405
79.046
75.965
75.556
76.913
78.008
80.000
78.301
82.409
77.462
78.657
80.766
81.361
77.742
80.438
79.635
82.953
79.310
95.998
94.635
93.635
